8.399999737739562988e-01 0.000000000000000000e+00
8.519999980926513672e-01 0.000000000000000000e+00
8.640000224113464355e-01 0.000000000000000000e+00
8.759999871253967285e-01 0.000000000000000000e+00
8.880000114440917969e-01 0.000000000000000000e+00
8.999999761581420898e-01 0.000000000000000000e+00
9.120000004768371582e-01 0.000000000000000000e+00
9.240000247955322266e-01 0.000000000000000000e+00
9.359999895095825195e-01 0.000000000000000000e+00
9.480000138282775879e-01 0.000000000000000000e+00
9.599999785423278809e-01 0.000000000000000000e+00
9.720000028610229492e-01 0.000000000000000000e+00
9.840000271797180176e-01 0.000000000000000000e+00
9.959999918937683105e-01 0.000000000000000000e+00
1.008000016212463379e+00 0.000000000000000000e+00
1.019999980926513672e+00 0.000000000000000000e+00
1.031999945640563965e+00 0.000000000000000000e+00
1.044000029563903809e+00 0.000000000000000000e+00
1.055999994277954102e+00 0.000000000000000000e+00
1.067999958992004395e+00 0.000000000000000000e+00
1.080000042915344238e+00 0.000000000000000000e+00
1.092000007629394531e+00 0.000000000000000000e+00
1.103999972343444824e+00 0.000000000000000000e+00
1.116000056266784668e+00 3.523608174770965551e+00
1.128000020980834961e+00 2.607470049330514428e+01
1.139999985694885254e+00 4.228329809725158128e+01
1.151999950408935547e+00 7.047216349541930924e+01
1.164000034332275391e+00 5.919661733615221522e+01
1.175999999046325684e+00 5.990133897110641215e+01
1.187999963760375977e+00 4.228329809725158128e+01
1.200000047683715820e+00 4.298801973220577821e+01
1.212000012397766113e+00 2.184637068357998402e+01
1.223999977111816406e+00 3.100775193798449436e+01
1.235999941825866699e+00 2.114164904862579064e+01
1.248000025749206543e+00 2.043692741367160082e+01
1.259999990463256836e+00 2.043692741367160082e+01
1.271999955177307129e+00 1.620859760394644056e+01
1.284000039100646973e+00 1.550387596899224718e+01
1.296000003814697266e+00 6.342494714587737725e+00
1.307999968528747559e+00 9.161381254404510344e+00
1.320000052452087402e+00 1.338971106412966883e+01
1.332000017166137695e+00 1.057082452431289532e+01
1.343999981880187988e+00 1.409443269908386220e+01
1.355999946594238281e+00 1.338971106412966883e+01
1.368000030517578125e+00 1.620859760394644056e+01
1.379999995231628418e+00 1.761804087385482731e+01
1.391999959945678711e+00 2.255109231853417739e+01
1.404000043869018555e+00 2.396053558844256415e+01
1.416000008583068848e+00 3.030303030303030098e+01
1.427999973297119141e+00 2.959830866807610761e+01
1.440000057220458984e+00 2.607470049330514428e+01
1.452000021934509277e+00 3.171247357293868774e+01
1.463999986648559570e+00 2.396053558844256415e+01
1.475999951362609863e+00 2.184637068357998402e+01
1.488000035285949707e+00 1.973220577871740744e+01
1.500000000000000000e+00 1.902748414376321406e+01
1.511999964714050293e+00 1.620859760394644056e+01
1.524000048637390137e+00 1.479915433403805380e+01
1.536000013351440430e+00 1.550387596899224718e+01
1.547999978065490723e+00 1.127554615926708870e+01
1.559999942779541016e+00 9.866102889358703720e+00
1.572000026702880859e+00 9.866102889358703720e+00
1.583999991416931152e+00 1.409443269908386220e+01
1.595999956130981445e+00 1.620859760394644056e+01
1.608000040054321289e+00 1.479915433403805380e+01
1.620000004768371582e+00 1.479915433403805380e+01
1.631999969482421875e+00 1.761804087385482731e+01
1.644000053405761719e+00 2.466525722339675752e+01
1.656000018119812012e+00 3.171247357293868774e+01
1.667999982833862305e+00 3.805496828752642813e+01
1.679999947547912598e+00 5.637773079633544882e+01
1.692000031471252441e+00 5.426356589147286513e+01
1.703999996185302734e+00 6.694855532064833881e+01
1.715999960899353027e+00 6.553911205073995916e+01
1.728000044822692871e+00 3.946441155743481488e+01
1.740000009536743164e+00 1.057082452431289532e+01
1.751999974250793457e+00 2.114164904862579242e+00
1.764000058174133301e+00 0.000000000000000000e+00
1.776000022888183594e+00 0.000000000000000000e+00
1.787999987602233887e+00 0.000000000000000000e+00
1.799999952316284180e+00 0.000000000000000000e+00
1.812000036239624023e+00 0.000000000000000000e+00
1.824000000953674316e+00 0.000000000000000000e+00
1.835999965667724609e+00 0.000000000000000000e+00
1.848000049591064453e+00 0.000000000000000000e+00
1.860000014305114746e+00 0.000000000000000000e+00
1.871999979019165039e+00 0.000000000000000000e+00
1.883999943733215332e+00 0.000000000000000000e+00
1.896000027656555176e+00 0.000000000000000000e+00
1.907999992370605469e+00 0.000000000000000000e+00
1.919999957084655762e+00 0.000000000000000000e+00
1.932000041007995605e+00 0.000000000000000000e+00
1.944000005722045898e+00 0.000000000000000000e+00
1.955999970436096191e+00 0.000000000000000000e+00
1.968000054359436035e+00 0.000000000000000000e+00
1.980000019073486328e+00 0.000000000000000000e+00
1.991999983787536621e+00 0.000000000000000000e+00
2.003999948501586914e+00 0.000000000000000000e+00
2.016000032424926758e+00 0.000000000000000000e+00
2.028000116348266602e+00 0.000000000000000000e+00
