0.000000000000000000e+00 1.000003723144531250e+03
1.000000000000000000e+00 9.851519165039062500e+02
2.000000000000000000e+00 9.682162475585937500e+02
3.000000000000000000e+00 9.511010742187500000e+02
4.000000000000000000e+00 9.373322753906250000e+02
5.000000000000000000e+00 9.284103393554687500e+02
6.000000000000000000e+00 9.245441894531250000e+02
7.000000000000000000e+00 9.256570434570312500e+02
8.000000000000000000e+00 9.312840576171875000e+02
9.000000000000000000e+00 9.417484741210937500e+02
1.000000000000000000e+01 9.562171630859375000e+02
1.100000000000000000e+01 9.732256469726562500e+02
1.200000000000000000e+01 9.913949584960937500e+02
1.300000000000000000e+01 1.009736083984375000e+03
1.400000000000000000e+01 1.026794677734375000e+03
1.500000000000000000e+01 1.040543457031250000e+03
1.600000000000000000e+01 1.049824218750000000e+03
1.700000000000000000e+01 1.053671264648437500e+03
1.800000000000000000e+01 1.051552856445312500e+03
1.900000000000000000e+01 1.043799682617187500e+03
2.000000000000000000e+01 1.031595092773437500e+03
2.100000000000000000e+01 1.017093261718750000e+03
2.200000000000000000e+01 1.002616455078125000e+03
2.300000000000000000e+01 9.894544067382812500e+02
2.400000000000000000e+01 9.783834838867187500e+02
2.500000000000000000e+01 9.699078979492187500e+02
2.600000000000000000e+01 9.647085571289062500e+02
2.700000000000000000e+01 9.627738037109375000e+02
2.800000000000000000e+01 9.641842651367187500e+02
2.900000000000000000e+01 9.688772583007812500e+02
3.000000000000000000e+01 9.760630493164062500e+02
3.100000000000000000e+01 9.847225952148437500e+02
3.200000000000000000e+01 9.945148925781250000e+02
3.300000000000000000e+01 1.004570312500000000e+03
3.400000000000000000e+01 1.013783081054687500e+03
3.500000000000000000e+01 1.021102416992187500e+03
3.600000000000000000e+01 1.026647094726562500e+03
3.700000000000000000e+01 1.029743896484375000e+03
3.800000000000000000e+01 1.029179321289062500e+03
3.900000000000000000e+01 1.025489746093750000e+03
4.000000000000000000e+01 1.018866149902343750e+03
4.100000000000000000e+01 1.010627685546875000e+03
4.200000000000000000e+01 1.001928710937500000e+03
4.300000000000000000e+01 9.939013671875000000e+02
4.400000000000000000e+01 9.870140380859375000e+02
4.500000000000000000e+01 9.812886352539062500e+02
4.600000000000000000e+01 9.778204956054687500e+02
4.700000000000000000e+01 9.769505004882812500e+02
4.800000000000000000e+01 9.779432983398437500e+02
4.900000000000000000e+01 9.811182861328125000e+02
5.000000000000000000e+01 9.850686035156250000e+02
5.100000000000000000e+01 9.898274536132812500e+02
5.200000000000000000e+01 9.952050781250000000e+02
5.300000000000000000e+01 1.000727111816406250e+03
5.400000000000000000e+01 1.005177856445312500e+03
5.500000000000000000e+01 1.008761291503906250e+03
5.600000000000000000e+01 1.011346496582031250e+03
5.700000000000000000e+01 1.012814941406250000e+03
5.800000000000000000e+01 1.013339355468750000e+03
5.900000000000000000e+01 1.012664428710937500e+03
6.000000000000000000e+01 1.010709045410156250e+03
6.100000000000000000e+01 1.007547424316406250e+03
6.200000000000000000e+01 1.003235839843750000e+03
6.300000000000000000e+01 9.988553466796875000e+02
6.400000000000000000e+01 9.948392944335937500e+02
6.500000000000000000e+01 9.915115356445312500e+02
6.600000000000000000e+01 9.888960571289062500e+02
6.700000000000000000e+01 9.876552124023437500e+02
6.800000000000000000e+01 9.878239746093750000e+02
6.900000000000000000e+01 9.887481079101562500e+02
7.000000000000000000e+01 9.900960693359375000e+02
7.100000000000000000e+01 9.919394531250000000e+02
7.200000000000000000e+01 9.935281372070312500e+02
7.300000000000000000e+01 9.954720458984375000e+02
7.400000000000000000e+01 9.976312255859375000e+02
7.500000000000000000e+01 9.996091918945312500e+02
7.600000000000000000e+01 1.001232910156250000e+03
7.700000000000000000e+01 1.003309631347656250e+03
7.800000000000000000e+01 1.005199401855468750e+03
7.900000000000000000e+01 1.006638793945312500e+03
8.000000000000000000e+01 1.008090881347656250e+03
8.100000000000000000e+01 1.009597656250000000e+03
8.200000000000000000e+01 1.010653930664062500e+03
8.300000000000000000e+01 1.010842956542968750e+03
8.400000000000000000e+01 1.010127807617187500e+03
8.500000000000000000e+01 1.008043334960937500e+03
8.600000000000000000e+01 1.005145996093750000e+03
8.700000000000000000e+01 1.002419250488281250e+03
8.800000000000000000e+01 9.997542114257812500e+02
8.900000000000000000e+01 9.971198730468750000e+02
9.000000000000000000e+01 9.954117431640625000e+02
9.100000000000000000e+01 9.939337158203125000e+02
9.200000000000000000e+01 9.923823242187500000e+02
9.300000000000000000e+01 9.908907470703125000e+02
9.400000000000000000e+01 9.903406982421875000e+02
9.500000000000000000e+01 9.905101928710937500e+02
9.600000000000000000e+01 9.917719116210937500e+02
9.700000000000000000e+01 9.941542358398437500e+02
9.800000000000000000e+01 9.971399536132812500e+02
9.900000000000000000e+01 1.000230590820312500e+03
1.000000000000000000e+02 1.003362915039062500e+03
1.010000000000000000e+02 1.006737548828125000e+03
1.020000000000000000e+02 1.008727966308593750e+03
1.030000000000000000e+02 1.009113586425781250e+03
1.040000000000000000e+02 1.008629333496093750e+03
1.050000000000000000e+02 1.007455078125000000e+03
1.060000000000000000e+02 1.004866149902343750e+03
1.070000000000000000e+02 1.001759887695312500e+03
1.080000000000000000e+02 9.992266845703125000e+02
1.090000000000000000e+02 9.974281005859375000e+02
1.100000000000000000e+02 9.959739990234375000e+02
1.110000000000000000e+02 9.954487915039062500e+02
1.120000000000000000e+02 9.951154785156250000e+02
1.130000000000000000e+02 9.949501953125000000e+02
1.140000000000000000e+02 9.953142089843750000e+02
1.150000000000000000e+02 9.964196777343750000e+02
1.160000000000000000e+02 9.980711669921875000e+02
1.170000000000000000e+02 9.999510498046875000e+02
1.180000000000000000e+02 1.001400085449218750e+03
1.190000000000000000e+02 1.002483093261718750e+03
1.200000000000000000e+02 1.003510192871093750e+03
1.210000000000000000e+02 1.003293212890625000e+03
1.220000000000000000e+02 1.002065551757812500e+03
1.230000000000000000e+02 1.000784973144531250e+03
1.240000000000000000e+02 9.995992431640625000e+02
1.250000000000000000e+02 9.983485717773437500e+02
1.260000000000000000e+02 9.973701171875000000e+02
1.270000000000000000e+02 9.964155273437500000e+02
1.280000000000000000e+02 9.956397705078125000e+02
1.290000000000000000e+02 9.955882568359375000e+02
1.300000000000000000e+02 9.954707031250000000e+02
1.310000000000000000e+02 9.954260253906250000e+02
1.320000000000000000e+02 9.960832519531250000e+02
1.330000000000000000e+02 9.966902465820312500e+02
1.340000000000000000e+02 9.976961669921875000e+02
1.350000000000000000e+02 9.984234619140625000e+02
1.360000000000000000e+02 9.986020507812500000e+02
1.370000000000000000e+02 9.991504516601562500e+02
1.380000000000000000e+02 9.998654174804687500e+02
1.390000000000000000e+02 1.001118286132812500e+03
1.400000000000000000e+02 1.002405761718750000e+03
1.410000000000000000e+02 1.003586730957031250e+03
1.420000000000000000e+02 1.004248657226562500e+03
1.430000000000000000e+02 1.004785400390625000e+03
1.440000000000000000e+02 1.005171936035156250e+03
1.450000000000000000e+02 1.004661254882812500e+03
1.460000000000000000e+02 1.003829345703125000e+03
1.470000000000000000e+02 1.002764221191406250e+03
1.480000000000000000e+02 1.001690002441406250e+03
1.490000000000000000e+02 1.000995849609375000e+03
1.500000000000000000e+02 1.000202514648437500e+03
1.510000000000000000e+02 9.990693969726562500e+02
1.520000000000000000e+02 9.975681762695312500e+02
1.530000000000000000e+02 9.963582153320312500e+02
1.540000000000000000e+02 9.959190673828125000e+02
1.550000000000000000e+02 9.962549438476562500e+02
1.560000000000000000e+02 9.967192382812500000e+02
1.570000000000000000e+02 9.971046142578125000e+02
1.580000000000000000e+02 9.971434326171875000e+02
1.590000000000000000e+02 9.967683105468750000e+02
1.600000000000000000e+02 9.960687866210937500e+02
1.610000000000000000e+02 9.952554321289062500e+02
1.620000000000000000e+02 9.945005493164062500e+02
1.630000000000000000e+02 9.930338134765625000e+02
1.640000000000000000e+02 9.919672241210937500e+02
1.650000000000000000e+02 9.913444213867187500e+02
1.660000000000000000e+02 9.917289428710937500e+02
1.670000000000000000e+02 9.930468139648437500e+02
1.680000000000000000e+02 9.952999267578125000e+02
1.690000000000000000e+02 9.979816894531250000e+02
1.700000000000000000e+02 1.000215576171875000e+03
1.710000000000000000e+02 1.002517028808593750e+03
1.720000000000000000e+02 1.004649047851562500e+03
1.730000000000000000e+02 1.006580505371093750e+03
1.740000000000000000e+02 1.008336669921875000e+03
1.750000000000000000e+02 1.009351989746093750e+03
1.760000000000000000e+02 1.009806030273437500e+03
1.770000000000000000e+02 1.009369812011718750e+03
1.780000000000000000e+02 1.007984558105468750e+03
1.790000000000000000e+02 1.005316467285156250e+03
1.800000000000000000e+02 1.002723632812500000e+03
1.810000000000000000e+02 1.000395874023437500e+03
1.820000000000000000e+02 9.985369873046875000e+02
1.830000000000000000e+02 9.970995483398437500e+02
1.840000000000000000e+02 9.960244750976562500e+02
1.850000000000000000e+02 9.952554321289062500e+02
1.860000000000000000e+02 9.950612792968750000e+02
1.870000000000000000e+02 9.953812255859375000e+02
1.880000000000000000e+02 9.960642089843750000e+02
1.890000000000000000e+02 9.969384765625000000e+02
1.900000000000000000e+02 9.979382934570312500e+02
1.910000000000000000e+02 9.989618530273437500e+02
1.920000000000000000e+02 1.000229248046875000e+03
1.930000000000000000e+02 1.001211425781250000e+03
1.940000000000000000e+02 1.001862304687500000e+03
1.950000000000000000e+02 1.001971252441406250e+03
1.960000000000000000e+02 1.001805053710937500e+03
1.970000000000000000e+02 1.001081909179687500e+03
1.980000000000000000e+02 1.000190002441406250e+03
1.990000000000000000e+02 9.995252685546875000e+02
2.000000000000000000e+02 9.992599487304687500e+02
2.010000000000000000e+02 9.984693603515625000e+02
2.020000000000000000e+02 9.975703735351562500e+02
2.030000000000000000e+02 9.967686157226562500e+02
2.040000000000000000e+02 9.959638061523437500e+02
2.050000000000000000e+02 9.955759277343750000e+02
2.060000000000000000e+02 9.951440429687500000e+02
2.070000000000000000e+02 9.949279785156250000e+02
2.080000000000000000e+02 9.950415649414062500e+02
2.090000000000000000e+02 9.961205444335937500e+02
2.100000000000000000e+02 9.975904541015625000e+02
2.110000000000000000e+02 9.993154907226562500e+02
2.120000000000000000e+02 1.000498413085937500e+03
2.130000000000000000e+02 1.001199096679687500e+03
2.140000000000000000e+02 1.001689086914062500e+03
2.150000000000000000e+02 1.001711914062500000e+03
2.160000000000000000e+02 1.002025512695312500e+03
2.170000000000000000e+02 1.002195556640625000e+03
2.180000000000000000e+02 1.002119018554687500e+03
2.190000000000000000e+02 1.001513977050781250e+03
2.200000000000000000e+02 1.000873962402343750e+03
2.210000000000000000e+02 1.000537780761718750e+03
2.220000000000000000e+02 9.998959960937500000e+02
2.230000000000000000e+02 9.990049438476562500e+02
2.240000000000000000e+02 9.985003051757812500e+02
2.250000000000000000e+02 9.980479736328125000e+02
2.260000000000000000e+02 9.977548828125000000e+02
2.270000000000000000e+02 9.978720092773437500e+02
2.280000000000000000e+02 9.986201782226562500e+02
2.290000000000000000e+02 9.994089965820312500e+02
2.300000000000000000e+02 1.000047851562500000e+03
2.310000000000000000e+02 1.000514770507812500e+03
2.320000000000000000e+02 1.000962524414062500e+03
2.330000000000000000e+02 1.001180419921875000e+03
2.340000000000000000e+02 1.001730468750000000e+03
2.350000000000000000e+02 1.001705749511718750e+03
2.360000000000000000e+02 1.001017883300781250e+03
2.370000000000000000e+02 1.000237976074218750e+03
2.380000000000000000e+02 9.992542724609375000e+02
2.390000000000000000e+02 9.983702392578125000e+02
2.400000000000000000e+02 9.977707519531250000e+02
2.410000000000000000e+02 9.976904907226562500e+02
2.420000000000000000e+02 9.979329223632812500e+02
2.430000000000000000e+02 9.983845825195312500e+02
2.440000000000000000e+02 9.998740234375000000e+02
2.450000000000000000e+02 1.001943420410156250e+03
2.460000000000000000e+02 1.004645202636718750e+03
2.470000000000000000e+02 1.006710083007812500e+03
2.480000000000000000e+02 1.007839599609375000e+03
2.490000000000000000e+02 1.008518493652343750e+03
2.500000000000000000e+02 1.008541748046875000e+03
2.510000000000000000e+02 1.008231567382812500e+03
2.520000000000000000e+02 1.007509033203125000e+03
2.530000000000000000e+02 1.006297241210937500e+03
2.540000000000000000e+02 1.003991638183593750e+03
2.550000000000000000e+02 1.000930786132812500e+03
2.560000000000000000e+02 9.978717041015625000e+02
2.570000000000000000e+02 9.953809204101562500e+02
2.580000000000000000e+02 9.931392211914062500e+02
2.590000000000000000e+02 9.916356811523437500e+02
2.600000000000000000e+02 9.913311157226562500e+02
2.610000000000000000e+02 9.914133300781250000e+02
2.620000000000000000e+02 9.922216796875000000e+02
2.630000000000000000e+02 9.935093383789062500e+02
2.640000000000000000e+02 9.953129882812500000e+02
2.650000000000000000e+02 9.973035278320312500e+02
2.660000000000000000e+02 9.992382202148437500e+02
2.670000000000000000e+02 1.001239318847656250e+03
2.680000000000000000e+02 1.003457275390625000e+03
2.690000000000000000e+02 1.005083862304687500e+03
2.700000000000000000e+02 1.005767089843750000e+03
2.710000000000000000e+02 1.005594299316406250e+03
2.720000000000000000e+02 1.004828796386718750e+03
2.730000000000000000e+02 1.003864746093750000e+03
2.740000000000000000e+02 1.002968872070312500e+03
2.750000000000000000e+02 1.002545349121093750e+03
2.760000000000000000e+02 1.002224731445312500e+03
2.770000000000000000e+02 1.001904357910156250e+03
2.780000000000000000e+02 1.001277404785156250e+03
2.790000000000000000e+02 1.000426147460937500e+03
2.800000000000000000e+02 9.993598632812500000e+02
2.810000000000000000e+02 9.978733520507812500e+02
2.820000000000000000e+02 9.968859863281250000e+02
2.830000000000000000e+02 9.965001220703125000e+02
2.840000000000000000e+02 9.969992675781250000e+02
2.850000000000000000e+02 9.978144531250000000e+02
2.860000000000000000e+02 9.982158813476562500e+02
2.870000000000000000e+02 9.987388916015625000e+02
2.880000000000000000e+02 9.996546020507812500e+02
2.890000000000000000e+02 9.999078369140625000e+02
2.900000000000000000e+02 1.000099609375000000e+03
2.910000000000000000e+02 9.998442993164062500e+02
2.920000000000000000e+02 9.993240966796875000e+02
2.930000000000000000e+02 9.987111206054687500e+02
2.940000000000000000e+02 9.984017944335937500e+02
2.950000000000000000e+02 9.980829467773437500e+02
2.960000000000000000e+02 9.978755493164062500e+02
2.970000000000000000e+02 9.974876708984375000e+02
2.980000000000000000e+02 9.970348510742187500e+02
2.990000000000000000e+02 9.972697753906250000e+02
3.000000000000000000e+02 9.980148315429687500e+02
3.010000000000000000e+02 9.991527099609375000e+02
3.020000000000000000e+02 1.000836425781250000e+03
3.030000000000000000e+02 1.002774169921875000e+03
3.040000000000000000e+02 1.004315734863281250e+03
3.050000000000000000e+02 1.005254638671875000e+03
3.060000000000000000e+02 1.005889404296875000e+03
3.070000000000000000e+02 1.005954162597656250e+03
3.080000000000000000e+02 1.006134155273437500e+03
3.090000000000000000e+02 1.006009948730468750e+03
3.100000000000000000e+02 1.004636535644531250e+03
3.110000000000000000e+02 1.002912109375000000e+03
3.120000000000000000e+02 1.001585021972656250e+03
3.130000000000000000e+02 9.999547729492187500e+02
3.140000000000000000e+02 9.981607666015625000e+02
3.150000000000000000e+02 9.970457153320312500e+02
3.160000000000000000e+02 9.961354980468750000e+02
3.170000000000000000e+02 9.955000000000000000e+02
3.180000000000000000e+02 9.956448364257812500e+02
3.190000000000000000e+02 9.965726928710937500e+02
3.200000000000000000e+02 9.979918212890625000e+02
3.210000000000000000e+02 9.994722290039062500e+02
3.220000000000000000e+02 1.000670410156250000e+03
3.230000000000000000e+02 1.001560729980468750e+03
3.240000000000000000e+02 1.002399658203125000e+03
3.250000000000000000e+02 1.002827087402343750e+03
3.260000000000000000e+02 1.002727661132812500e+03
3.270000000000000000e+02 1.002990356445312500e+03
3.280000000000000000e+02 1.003763549804687500e+03
3.290000000000000000e+02 1.004361328125000000e+03
3.300000000000000000e+02 1.004602783203125000e+03
3.310000000000000000e+02 1.004493530273437500e+03
3.320000000000000000e+02 1.004660644531250000e+03
3.330000000000000000e+02 1.004420227050781250e+03
3.340000000000000000e+02 1.003982910156250000e+03
3.350000000000000000e+02 1.003466308593750000e+03
3.360000000000000000e+02 1.002456420898437500e+03
3.370000000000000000e+02 1.001280578613281250e+03
3.380000000000000000e+02 1.000470947265625000e+03
3.390000000000000000e+02 9.997775268554687500e+02
3.400000000000000000e+02 9.994226684570312500e+02
3.410000000000000000e+02 9.991255493164062500e+02
3.420000000000000000e+02 9.993806152343750000e+02
3.430000000000000000e+02 9.995469360351562500e+02
3.440000000000000000e+02 9.993904418945312500e+02
3.450000000000000000e+02 9.994667968750000000e+02
3.460000000000000000e+02 9.998820190429687500e+02
3.470000000000000000e+02 1.000207580566406250e+03
3.480000000000000000e+02 1.000901123046875000e+03
3.490000000000000000e+02 1.001944396972656250e+03
3.500000000000000000e+02 1.002756225585937500e+03
3.510000000000000000e+02 1.002756835937500000e+03
3.520000000000000000e+02 1.001969055175781250e+03
3.530000000000000000e+02 1.001117065429687500e+03
3.540000000000000000e+02 1.000780822753906250e+03
3.550000000000000000e+02 1.000135314941406250e+03
3.560000000000000000e+02 9.993530883789062500e+02
3.570000000000000000e+02 9.983705444335937500e+02
3.580000000000000000e+02 9.974652709960937500e+02
3.590000000000000000e+02 9.971402587890625000e+02
3.600000000000000000e+02 9.970572509765625000e+02
3.610000000000000000e+02 9.973558349609375000e+02
3.620000000000000000e+02 9.983080444335937500e+02
3.630000000000000000e+02 9.993413085937500000e+02
3.640000000000000000e+02 1.000727783203125000e+03
3.650000000000000000e+02 1.002303283691406250e+03
3.660000000000000000e+02 1.003894226074218750e+03
3.670000000000000000e+02 1.005129150390625000e+03
3.680000000000000000e+02 1.006181518554687500e+03
3.690000000000000000e+02 1.007168273925781250e+03
3.700000000000000000e+02 1.007637084960937500e+03
3.710000000000000000e+02 1.007482543945312500e+03
3.720000000000000000e+02 1.006799316406250000e+03
3.730000000000000000e+02 1.005617370605468750e+03
3.740000000000000000e+02 1.003821044921875000e+03
3.750000000000000000e+02 1.001423095703125000e+03
3.760000000000000000e+02 9.989586181640625000e+02
3.770000000000000000e+02 9.968236694335937500e+02
3.780000000000000000e+02 9.952466430664062500e+02
3.790000000000000000e+02 9.937467041015625000e+02
3.800000000000000000e+02 9.927894897460937500e+02
3.810000000000000000e+02 9.927442626953125000e+02
3.820000000000000000e+02 9.932152099609375000e+02
3.830000000000000000e+02 9.942287597656250000e+02
3.840000000000000000e+02 9.957832641601562500e+02
3.850000000000000000e+02 9.977303466796875000e+02
3.860000000000000000e+02 9.998609619140625000e+02
3.870000000000000000e+02 1.001924438476562500e+03
3.880000000000000000e+02 1.004134826660156250e+03
3.890000000000000000e+02 1.006052368164062500e+03
3.900000000000000000e+02 1.007171630859375000e+03
3.910000000000000000e+02 1.007685241699218750e+03
3.920000000000000000e+02 1.007428039550781250e+03
3.930000000000000000e+02 1.006377807617187500e+03
3.940000000000000000e+02 1.004132873535156250e+03
3.950000000000000000e+02 1.001337341308593750e+03
3.960000000000000000e+02 9.987481079101562500e+02
3.970000000000000000e+02 9.965185546875000000e+02
3.980000000000000000e+02 9.949098510742187500e+02
3.990000000000000000e+02 9.946513061523437500e+02
4.000000000000000000e+02 9.956569213867187500e+02
4.010000000000000000e+02 9.973671875000000000e+02
4.020000000000000000e+02 9.997167968750000000e+02
4.030000000000000000e+02 1.002276367187500000e+03
4.040000000000000000e+02 1.004738769531250000e+03
4.050000000000000000e+02 1.006735595703125000e+03
4.060000000000000000e+02 1.008139526367187500e+03
4.070000000000000000e+02 1.009232360839843750e+03
4.080000000000000000e+02 1.009893188476562500e+03
4.090000000000000000e+02 1.009748352050781250e+03
4.100000000000000000e+02 1.008875305175781250e+03
4.110000000000000000e+02 1.007445434570312500e+03
4.120000000000000000e+02 1.004972167968750000e+03
4.130000000000000000e+02 1.001328613281250000e+03
4.140000000000000000e+02 9.970900268554687500e+02
4.150000000000000000e+02 9.929259033203125000e+02
4.160000000000000000e+02 9.892314453125000000e+02
4.170000000000000000e+02 9.861727294921875000e+02
4.180000000000000000e+02 9.841260375976562500e+02
4.190000000000000000e+02 9.835682373046875000e+02
4.200000000000000000e+02 9.844391479492187500e+02
4.210000000000000000e+02 9.861520996093750000e+02
4.220000000000000000e+02 9.888406372070312500e+02
4.230000000000000000e+02 9.924148559570312500e+02
4.240000000000000000e+02 9.965691528320312500e+02
4.250000000000000000e+02 1.001255920410156250e+03
4.260000000000000000e+02 1.005011108398437500e+03
4.270000000000000000e+02 1.008493041992187500e+03
4.280000000000000000e+02 1.011132141113281250e+03
4.290000000000000000e+02 1.012623596191406250e+03
4.300000000000000000e+02 1.012640747070312500e+03
4.310000000000000000e+02 1.011716308593750000e+03
4.320000000000000000e+02 1.010332275390625000e+03
4.330000000000000000e+02 1.008465881347656250e+03
4.340000000000000000e+02 1.006159729003906250e+03
4.350000000000000000e+02 1.003221740722656250e+03
4.360000000000000000e+02 1.000313049316406250e+03
4.370000000000000000e+02 9.978458862304687500e+02
4.380000000000000000e+02 9.954727172851562500e+02
4.390000000000000000e+02 9.937622070312500000e+02
4.400000000000000000e+02 9.927645263671875000e+02
4.410000000000000000e+02 9.922669067382812500e+02
4.420000000000000000e+02 9.926802978515625000e+02
4.430000000000000000e+02 9.940446166992187500e+02
4.440000000000000000e+02 9.960848999023437500e+02
4.450000000000000000e+02 9.983485717773437500e+02
4.460000000000000000e+02 1.000263793945312500e+03
4.470000000000000000e+02 1.001906005859375000e+03
4.480000000000000000e+02 1.003149780273437500e+03
4.490000000000000000e+02 1.004023742675781250e+03
4.500000000000000000e+02 1.004329528808593750e+03
4.510000000000000000e+02 1.004364562988281250e+03
4.520000000000000000e+02 1.004410278320312500e+03
4.530000000000000000e+02 1.004342407226562500e+03
4.540000000000000000e+02 1.004262451171875000e+03
4.550000000000000000e+02 1.003540405273437500e+03
4.560000000000000000e+02 1.002638854980468750e+03
4.570000000000000000e+02 1.001408996582031250e+03
4.580000000000000000e+02 1.000002136230468750e+03
4.590000000000000000e+02 9.984062500000000000e+02
4.600000000000000000e+02 9.964613037109375000e+02
4.610000000000000000e+02 9.940645751953125000e+02
4.620000000000000000e+02 9.918672485351562500e+02
4.630000000000000000e+02 9.907698364257812500e+02
4.640000000000000000e+02 9.904666137695312500e+02
4.650000000000000000e+02 9.908477783203125000e+02
4.660000000000000000e+02 9.919491577148437500e+02
4.670000000000000000e+02 9.939929809570312500e+02
4.680000000000000000e+02 9.966378784179687500e+02
4.690000000000000000e+02 9.994961547851562500e+02
4.700000000000000000e+02 1.001946960449218750e+03
4.710000000000000000e+02 1.003653381347656250e+03
4.720000000000000000e+02 1.004942687988281250e+03
4.730000000000000000e+02 1.005467712402343750e+03
4.740000000000000000e+02 1.005789672851562500e+03
4.750000000000000000e+02 1.006111694335937500e+03
4.760000000000000000e+02 1.006109069824218750e+03
4.770000000000000000e+02 1.005645751953125000e+03
4.780000000000000000e+02 1.004633056640625000e+03
4.790000000000000000e+02 1.003348144531250000e+03
4.800000000000000000e+02 1.002100708007812500e+03
4.810000000000000000e+02 1.000868164062500000e+03
4.820000000000000000e+02 9.998571166992187500e+02
4.830000000000000000e+02 1.000009704589843750e+03
4.840000000000000000e+02 1.000881652832031250e+03
4.850000000000000000e+02 1.002332092285156250e+03
4.860000000000000000e+02 1.003429016113281250e+03
4.870000000000000000e+02 1.004576110839843750e+03
4.880000000000000000e+02 1.005772888183593750e+03
4.890000000000000000e+02 1.006308227539062500e+03
4.900000000000000000e+02 1.006521240234375000e+03
4.910000000000000000e+02 1.006187072753906250e+03
4.920000000000000000e+02 1.004935180664062500e+03
4.930000000000000000e+02 1.003303833007812500e+03
4.940000000000000000e+02 1.001335998535156250e+03
4.950000000000000000e+02 9.995967407226562500e+02
4.960000000000000000e+02 9.976984863281250000e+02
4.970000000000000000e+02 9.965172729492187500e+02
4.980000000000000000e+02 9.958173217773437500e+02
4.990000000000000000e+02 9.956741333007812500e+02
5.000000000000000000e+02 9.958134765625000000e+02
5.010000000000000000e+02 9.962454223632812500e+02
5.020000000000000000e+02 9.968815307617187500e+02
5.030000000000000000e+02 9.977089233398437500e+02
5.040000000000000000e+02 9.987858276367187500e+02
5.050000000000000000e+02 1.000088684082031250e+03
5.060000000000000000e+02 1.001495727539062500e+03
5.070000000000000000e+02 1.002742736816406250e+03
5.080000000000000000e+02 1.003590148925781250e+03
5.090000000000000000e+02 1.004223205566406250e+03
5.100000000000000000e+02 1.004201416015625000e+03
5.110000000000000000e+02 1.003543640136718750e+03
5.120000000000000000e+02 1.002181152343750000e+03
5.130000000000000000e+02 1.000360412597656250e+03
5.140000000000000000e+02 9.985564575195312500e+02
5.150000000000000000e+02 9.964705200195312500e+02
5.160000000000000000e+02 9.947105712890625000e+02
5.170000000000000000e+02 9.934105224609375000e+02
5.180000000000000000e+02 9.924918212890625000e+02
5.190000000000000000e+02 9.926712036132812500e+02
5.200000000000000000e+02 9.933417968750000000e+02
5.210000000000000000e+02 9.945106811523437500e+02
5.220000000000000000e+02 9.964223022460937500e+02
5.230000000000000000e+02 9.984313964843750000e+02
5.240000000000000000e+02 1.000484069824218750e+03
5.250000000000000000e+02 1.002712951660156250e+03
5.260000000000000000e+02 1.004360412597656250e+03
5.270000000000000000e+02 1.005418823242187500e+03
5.280000000000000000e+02 1.005963500976562500e+03
5.290000000000000000e+02 1.006346801757812500e+03
5.300000000000000000e+02 1.006392639160156250e+03
5.310000000000000000e+02 1.005762023925781250e+03
5.320000000000000000e+02 1.004684448242187500e+03
5.330000000000000000e+02 1.003332397460937500e+03
5.340000000000000000e+02 1.001499267578125000e+03
5.350000000000000000e+02 9.993348999023437500e+02
5.360000000000000000e+02 9.974219970703125000e+02
5.370000000000000000e+02 9.960436401367187500e+02
5.380000000000000000e+02 9.951701049804687500e+02
5.390000000000000000e+02 9.940819702148437500e+02
5.400000000000000000e+02 9.934413452148437500e+02
5.410000000000000000e+02 9.935674438476562500e+02
5.420000000000000000e+02 9.941784057617187500e+02
5.430000000000000000e+02 9.955711669921875000e+02
5.440000000000000000e+02 9.971790771484375000e+02
5.450000000000000000e+02 9.998218994140625000e+02
5.460000000000000000e+02 1.002727966308593750e+03
5.470000000000000000e+02 1.005516967773437500e+03
5.480000000000000000e+02 1.007996826171875000e+03
5.490000000000000000e+02 1.009161865234375000e+03
5.500000000000000000e+02 1.008810974121093750e+03
5.510000000000000000e+02 1.007245788574218750e+03
5.520000000000000000e+02 1.004859375000000000e+03
5.530000000000000000e+02 1.001865539550781250e+03
5.540000000000000000e+02 9.985006103515625000e+02
5.550000000000000000e+02 9.950708007812500000e+02
5.560000000000000000e+02 9.920325927734375000e+02
5.570000000000000000e+02 9.893596191406250000e+02
5.580000000000000000e+02 9.872606201171875000e+02
5.590000000000000000e+02 9.860231323242187500e+02
5.600000000000000000e+02 9.856898803710937500e+02
5.610000000000000000e+02 9.863097534179687500e+02
5.620000000000000000e+02 9.879104003906250000e+02
5.630000000000000000e+02 9.900382690429687500e+02
5.640000000000000000e+02 9.931180419921875000e+02
5.650000000000000000e+02 9.966018676757812500e+02
5.660000000000000000e+02 1.000096374511718750e+03
5.670000000000000000e+02 1.002901855468750000e+03
5.680000000000000000e+02 1.004793823242187500e+03
5.690000000000000000e+02 1.006754577636718750e+03
5.700000000000000000e+02 1.008449462890625000e+03
5.710000000000000000e+02 1.009514160156250000e+03
5.720000000000000000e+02 1.009579833984375000e+03
5.730000000000000000e+02 1.008636413574218750e+03
5.740000000000000000e+02 1.006620483398437500e+03
5.750000000000000000e+02 1.004039733886718750e+03
5.760000000000000000e+02 1.001611267089843750e+03
5.770000000000000000e+02 9.998646850585937500e+02
5.780000000000000000e+02 9.982117309570312500e+02
5.790000000000000000e+02 9.965911254882812500e+02
5.800000000000000000e+02 9.951033935546875000e+02
5.810000000000000000e+02 9.949939575195312500e+02
5.820000000000000000e+02 9.961113281250000000e+02
5.830000000000000000e+02 9.973873901367187500e+02
5.840000000000000000e+02 9.981234741210937500e+02
5.850000000000000000e+02 9.987105102539062500e+02
5.860000000000000000e+02 9.991252441406250000e+02
5.870000000000000000e+02 9.998401489257812500e+02
5.880000000000000000e+02 1.000399719238281250e+03
5.890000000000000000e+02 1.000550354003906250e+03
5.900000000000000000e+02 1.000291687011718750e+03
5.910000000000000000e+02 9.998698730468750000e+02
5.920000000000000000e+02 9.995756225585937500e+02
5.930000000000000000e+02 9.995693359375000000e+02
5.940000000000000000e+02 9.993620605468750000e+02
5.950000000000000000e+02 9.990999755859375000e+02
5.960000000000000000e+02 9.995012207031250000e+02
5.970000000000000000e+02 1.000626037597656250e+03
5.980000000000000000e+02 1.001774963378906250e+03
5.990000000000000000e+02 1.002419677734375000e+03
6.000000000000000000e+02 1.002532165527343750e+03
6.010000000000000000e+02 1.002122192382812500e+03
6.020000000000000000e+02 1.001712402343750000e+03
6.030000000000000000e+02 1.000874267578125000e+03
6.040000000000000000e+02 9.999151611328125000e+02
6.050000000000000000e+02 9.991581420898437500e+02
6.060000000000000000e+02 9.985200805664062500e+02
6.070000000000000000e+02 9.985000000000000000e+02
6.080000000000000000e+02 9.989397583007812500e+02
6.090000000000000000e+02 9.995782470703125000e+02
6.100000000000000000e+02 9.999779052734375000e+02
6.110000000000000000e+02 1.000217163085937500e+03
6.120000000000000000e+02 1.000847106933593750e+03
6.130000000000000000e+02 1.001094055175781250e+03
6.140000000000000000e+02 1.000886413574218750e+03
6.150000000000000000e+02 1.000598571777343750e+03
6.160000000000000000e+02 1.000776977539062500e+03
6.170000000000000000e+02 1.000841308593750000e+03
6.180000000000000000e+02 1.000793701171875000e+03
6.190000000000000000e+02 1.000690979003906250e+03
6.200000000000000000e+02 1.000480285644531250e+03
6.210000000000000000e+02 9.996596679687500000e+02
6.220000000000000000e+02 9.984760742187500000e+02
6.230000000000000000e+02 9.971857910156250000e+02
6.240000000000000000e+02 9.965007324218750000e+02
6.250000000000000000e+02 9.967227172851562500e+02
6.260000000000000000e+02 9.972885742187500000e+02
6.270000000000000000e+02 9.985117797851562500e+02
6.280000000000000000e+02 9.997913208007812500e+02
6.290000000000000000e+02 1.001604309082031250e+03
6.300000000000000000e+02 1.003383789062500000e+03
6.310000000000000000e+02 1.004810546875000000e+03
6.320000000000000000e+02 1.005824462890625000e+03
6.330000000000000000e+02 1.006533386230468750e+03
6.340000000000000000e+02 1.007178283691406250e+03
6.350000000000000000e+02 1.007910583496093750e+03
6.360000000000000000e+02 1.008147644042968750e+03
6.370000000000000000e+02 1.007419006347656250e+03
6.380000000000000000e+02 1.006007263183593750e+03
6.390000000000000000e+02 1.004299743652343750e+03
6.400000000000000000e+02 1.002098449707031250e+03
6.410000000000000000e+02 1.000021301269531250e+03
6.420000000000000000e+02 9.985781250000000000e+02
6.430000000000000000e+02 9.975993652343750000e+02
6.440000000000000000e+02 9.970380859375000000e+02
6.450000000000000000e+02 9.971240234375000000e+02
6.460000000000000000e+02 9.969273071289062500e+02
6.470000000000000000e+02 9.963229980468750000e+02
6.480000000000000000e+02 9.956906127929687500e+02
6.490000000000000000e+02 9.953789672851562500e+02
6.500000000000000000e+02 9.953057250976562500e+02
6.510000000000000000e+02 9.958033447265625000e+02
6.520000000000000000e+02 9.971924438476562500e+02
6.530000000000000000e+02 9.986520996093750000e+02
6.540000000000000000e+02 1.000110778808593750e+03
6.550000000000000000e+02 1.001707336425781250e+03
6.560000000000000000e+02 1.003034057617187500e+03
6.570000000000000000e+02 1.004257873535156250e+03
6.580000000000000000e+02 1.004978698730468750e+03
6.590000000000000000e+02 1.004796325683593750e+03
6.600000000000000000e+02 1.003704467773437500e+03
6.610000000000000000e+02 1.002309387207031250e+03
6.620000000000000000e+02 1.000689392089843750e+03
6.630000000000000000e+02 9.989009399414062500e+02
6.640000000000000000e+02 9.971893310546875000e+02
6.650000000000000000e+02 9.957261352539062500e+02
6.660000000000000000e+02 9.945798339843750000e+02
6.670000000000000000e+02 9.936826782226562500e+02
6.680000000000000000e+02 9.930993041992187500e+02
6.690000000000000000e+02 9.931209106445312500e+02
6.700000000000000000e+02 9.934375000000000000e+02
6.710000000000000000e+02 9.942132568359375000e+02
6.720000000000000000e+02 9.954596557617187500e+02
6.730000000000000000e+02 9.971224365234375000e+02
6.740000000000000000e+02 9.983179931640625000e+02
6.750000000000000000e+02 9.989370117187500000e+02
6.760000000000000000e+02 9.990614013671875000e+02
6.770000000000000000e+02 9.991163330078125000e+02
6.780000000000000000e+02 9.987561035156250000e+02
6.790000000000000000e+02 9.980386352539062500e+02
6.800000000000000000e+02 9.978086547851562500e+02
6.810000000000000000e+02 9.977386474609375000e+02
6.820000000000000000e+02 9.978433227539062500e+02
6.830000000000000000e+02 9.982509765625000000e+02
6.840000000000000000e+02 9.990225830078125000e+02
6.850000000000000000e+02 1.000222839355468750e+03
6.860000000000000000e+02 1.001755065917968750e+03
6.870000000000000000e+02 1.003095275878906250e+03
6.880000000000000000e+02 1.003930603027343750e+03
6.890000000000000000e+02 1.004329528808593750e+03
6.900000000000000000e+02 1.004442138671875000e+03
6.910000000000000000e+02 1.004185302734375000e+03
6.920000000000000000e+02 1.003889465332031250e+03
6.930000000000000000e+02 1.003972656250000000e+03
6.940000000000000000e+02 1.004294250488281250e+03
6.950000000000000000e+02 1.004075744628906250e+03
6.960000000000000000e+02 1.003864135742187500e+03
6.970000000000000000e+02 1.003963317871093750e+03
6.980000000000000000e+02 1.003767700195312500e+03
6.990000000000000000e+02 1.003584472656250000e+03
7.000000000000000000e+02 1.003927368164062500e+03
7.010000000000000000e+02 1.004367797851562500e+03
7.020000000000000000e+02 1.004535339355468750e+03
7.030000000000000000e+02 1.004567382812500000e+03
7.040000000000000000e+02 1.004477783203125000e+03
7.050000000000000000e+02 1.004018859863281250e+03
7.060000000000000000e+02 1.003222656250000000e+03
7.070000000000000000e+02 1.002216125488281250e+03
7.080000000000000000e+02 1.001082519531250000e+03
7.090000000000000000e+02 9.998896484375000000e+02
7.100000000000000000e+02 9.992119750976562500e+02
7.110000000000000000e+02 9.991476440429687500e+02
7.120000000000000000e+02 9.993138427734375000e+02
7.130000000000000000e+02 9.988486328125000000e+02
7.140000000000000000e+02 9.981566162109375000e+02
7.150000000000000000e+02 9.976847534179687500e+02
7.160000000000000000e+02 9.973662719726562500e+02
7.170000000000000000e+02 9.970480346679687500e+02
7.180000000000000000e+02 9.973013305664062500e+02
7.190000000000000000e+02 9.983558959960937500e+02
7.200000000000000000e+02 9.992047119140625000e+02
7.210000000000000000e+02 1.000149780273437500e+03
7.220000000000000000e+02 1.000719055175781250e+03
7.230000000000000000e+02 1.001109802246093750e+03
7.240000000000000000e+02 1.001382141113281250e+03
7.250000000000000000e+02 1.001382141113281250e+03
7.260000000000000000e+02 1.001382141113281250e+03
7.270000000000000000e+02 1.001525756835937500e+03
7.280000000000000000e+02 1.002022277832031250e+03
7.290000000000000000e+02 1.002583007812500000e+03
7.300000000000000000e+02 1.002714599609375000e+03
7.310000000000000000e+02 1.002862060546875000e+03
7.320000000000000000e+02 1.003256286621093750e+03
7.330000000000000000e+02 1.004081176757812500e+03
7.340000000000000000e+02 1.004855834960937500e+03
7.350000000000000000e+02 1.005528625488281250e+03
7.360000000000000000e+02 1.005468383789062500e+03
7.370000000000000000e+02 1.004520446777343750e+03
7.380000000000000000e+02 1.003040710449218750e+03
7.390000000000000000e+02 1.001022338867187500e+03
7.400000000000000000e+02 9.988374023437500000e+02
7.410000000000000000e+02 9.967695312500000000e+02
7.420000000000000000e+02 9.949707641601562500e+02
7.430000000000000000e+02 9.933377685546875000e+02
7.440000000000000000e+02 9.927224731445312500e+02
7.450000000000000000e+02 9.927948608398437500e+02
7.460000000000000000e+02 9.936108398437500000e+02
7.470000000000000000e+02 9.955031127929687500e+02
7.480000000000000000e+02 9.981754760742187500e+02
7.490000000000000000e+02 1.000688781738281250e+03
7.500000000000000000e+02 1.002799926757812500e+03
7.510000000000000000e+02 1.003529846191406250e+03
7.520000000000000000e+02 1.003110046386718750e+03
7.530000000000000000e+02 1.002285949707031250e+03
7.540000000000000000e+02 1.001888244628906250e+03
7.550000000000000000e+02 1.001475585937500000e+03
7.560000000000000000e+02 1.000490844726562500e+03
7.570000000000000000e+02 9.988115234375000000e+02
7.580000000000000000e+02 9.972211303710937500e+02
7.590000000000000000e+02 9.960848999023437500e+02
7.600000000000000000e+02 9.955095214843750000e+02
7.610000000000000000e+02 9.954069824218750000e+02
7.620000000000000000e+02 9.958987426757812500e+02
7.630000000000000000e+02 9.969067382812500000e+02
7.640000000000000000e+02 9.980081176757812500e+02
7.650000000000000000e+02 9.995354003906250000e+02
7.660000000000000000e+02 1.001674438476562500e+03
7.670000000000000000e+02 1.003326354980468750e+03
7.680000000000000000e+02 1.004338256835937500e+03
7.690000000000000000e+02 1.005180664062500000e+03
7.700000000000000000e+02 1.006008300781250000e+03
7.710000000000000000e+02 1.006244323730468750e+03
7.720000000000000000e+02 1.005645751953125000e+03
7.730000000000000000e+02 1.004996032714843750e+03
7.740000000000000000e+02 1.003429321289062500e+03
7.750000000000000000e+02 1.001176574707031250e+03
7.760000000000000000e+02 9.985541992187500000e+02
7.770000000000000000e+02 9.959561767578125000e+02
7.780000000000000000e+02 9.935543823242187500e+02
7.790000000000000000e+02 9.912730712890625000e+02
7.800000000000000000e+02 9.899626464843750000e+02
7.810000000000000000e+02 9.899428100585937500e+02
7.820000000000000000e+02 9.905195922851562500e+02
7.830000000000000000e+02 9.914190063476562500e+02
7.840000000000000000e+02 9.932389526367187500e+02
7.850000000000000000e+02 9.960172119140625000e+02
7.860000000000000000e+02 9.991546020507812500e+02
7.870000000000000000e+02 1.002118652343750000e+03
7.880000000000000000e+02 1.004803161621093750e+03
7.890000000000000000e+02 1.006613037109375000e+03
7.900000000000000000e+02 1.007417358398437500e+03
7.910000000000000000e+02 1.007201782226562500e+03
7.920000000000000000e+02 1.006821350097656250e+03
7.930000000000000000e+02 1.006225708007812500e+03
7.940000000000000000e+02 1.005201965332031250e+03
7.950000000000000000e+02 1.004099548339843750e+03
7.960000000000000000e+02 1.002594909667968750e+03
7.970000000000000000e+02 1.000329101562500000e+03
7.980000000000000000e+02 9.976490478515625000e+02
7.990000000000000000e+02 9.948540039062500000e+02
8.000000000000000000e+02 9.929296264648437500e+02
8.010000000000000000e+02 9.916011962890625000e+02
8.020000000000000000e+02 9.905650024414062500e+02
8.030000000000000000e+02 9.910267333984375000e+02
8.040000000000000000e+02 9.932167358398437500e+02
8.050000000000000000e+02 9.963122558593750000e+02
8.060000000000000000e+02 9.998529052734375000e+02
8.070000000000000000e+02 1.003205749511718750e+03
8.080000000000000000e+02 1.005903320312500000e+03
8.090000000000000000e+02 1.007987060546875000e+03
8.100000000000000000e+02 1.009594726562500000e+03
8.110000000000000000e+02 1.010032958984375000e+03
8.120000000000000000e+02 1.009266967773437500e+03
8.130000000000000000e+02 1.007452270507812500e+03
8.140000000000000000e+02 1.004740722656250000e+03
8.150000000000000000e+02 1.001734008789062500e+03
8.160000000000000000e+02 9.988380737304687500e+02
8.170000000000000000e+02 9.961818847656250000e+02
8.180000000000000000e+02 9.941682739257812500e+02
8.190000000000000000e+02 9.929765625000000000e+02
8.200000000000000000e+02 9.922545166015625000e+02
8.210000000000000000e+02 9.927249145507812500e+02
8.220000000000000000e+02 9.937977294921875000e+02
8.230000000000000000e+02 9.951234741210937500e+02
8.240000000000000000e+02 9.962292480468750000e+02
8.250000000000000000e+02 9.973519897460937500e+02
8.260000000000000000e+02 9.984958496093750000e+02
8.270000000000000000e+02 9.993898315429687500e+02
8.280000000000000000e+02 1.000022216796875000e+03
8.290000000000000000e+02 1.000425292968750000e+03
8.300000000000000000e+02 1.000662231445312500e+03
8.310000000000000000e+02 1.000620971679687500e+03
8.320000000000000000e+02 1.000301208496093750e+03
8.330000000000000000e+02 1.000169860839843750e+03
8.340000000000000000e+02 1.000227111816406250e+03
8.350000000000000000e+02 1.000770385742187500e+03
8.360000000000000000e+02 1.001707336425781250e+03
8.370000000000000000e+02 1.002973327636718750e+03
8.380000000000000000e+02 1.004341186523437500e+03
8.390000000000000000e+02 1.005145996093750000e+03
8.400000000000000000e+02 1.005255981445312500e+03
8.410000000000000000e+02 1.004706665039062500e+03
8.420000000000000000e+02 1.003653076171875000e+03
8.430000000000000000e+02 1.002571899414062500e+03
8.440000000000000000e+02 1.001175598144531250e+03
8.450000000000000000e+02 9.996348266601562500e+02
8.460000000000000000e+02 9.981094970703125000e+02
8.470000000000000000e+02 9.971756591796875000e+02
8.480000000000000000e+02 9.967167358398437500e+02
8.490000000000000000e+02 9.969006958007812500e+02
8.500000000000000000e+02 9.975882568359375000e+02
8.510000000000000000e+02 9.984292602539062500e+02
8.520000000000000000e+02 9.993643188476562500e+02
8.530000000000000000e+02 1.000232482910156250e+03
8.540000000000000000e+02 1.001477172851562500e+03
8.550000000000000000e+02 1.002627319335937500e+03
8.560000000000000000e+02 1.003885009765625000e+03
8.570000000000000000e+02 1.005267211914062500e+03
8.580000000000000000e+02 1.006400939941406250e+03
8.590000000000000000e+02 1.007114440917968750e+03
8.600000000000000000e+02 1.006783020019531250e+03
8.610000000000000000e+02 1.005723632812500000e+03
8.620000000000000000e+02 1.004436950683593750e+03
8.630000000000000000e+02 1.003123840332031250e+03
8.640000000000000000e+02 1.001515319824218750e+03
8.650000000000000000e+02 9.995875244140625000e+02
8.660000000000000000e+02 9.971520385742187500e+02
8.670000000000000000e+02 9.950659179687500000e+02
8.680000000000000000e+02 9.937936401367187500e+02
8.690000000000000000e+02 9.930332031250000000e+02
8.700000000000000000e+02 9.928015136718750000e+02
8.710000000000000000e+02 9.927413330078125000e+02
8.720000000000000000e+02 9.934840087890625000e+02
8.730000000000000000e+02 9.950182495117187500e+02
8.740000000000000000e+02 9.963592529296875000e+02
8.750000000000000000e+02 9.978389892578125000e+02
8.760000000000000000e+02 9.994591674804687500e+02
8.770000000000000000e+02 1.000859558105468750e+03
8.780000000000000000e+02 1.001595947265625000e+03
8.790000000000000000e+02 1.001820739746093750e+03
8.800000000000000000e+02 1.002114807128906250e+03
8.810000000000000000e+02 1.002493652343750000e+03
8.820000000000000000e+02 1.002452270507812500e+03
8.830000000000000000e+02 1.002131835937500000e+03
8.840000000000000000e+02 1.001904357910156250e+03
8.850000000000000000e+02 1.001485168457031250e+03
8.860000000000000000e+02 1.001027465820312500e+03
8.870000000000000000e+02 1.000633728027343750e+03
8.880000000000000000e+02 1.000444702148437500e+03
8.890000000000000000e+02 1.000288452148437500e+03
8.900000000000000000e+02 9.997647705078125000e+02
8.910000000000000000e+02 9.990399780273437500e+02
8.920000000000000000e+02 9.985006103515625000e+02
8.930000000000000000e+02 9.982197875976562500e+02
8.940000000000000000e+02 9.984777221679687500e+02
8.950000000000000000e+02 9.987966308593750000e+02
8.960000000000000000e+02 9.994540405273437500e+02
8.970000000000000000e+02 9.998373413085937500e+02
8.980000000000000000e+02 1.000156799316406250e+03
8.990000000000000000e+02 1.000578430175781250e+03
9.000000000000000000e+02 1.001023315429687500e+03
9.010000000000000000e+02 1.001349670410156250e+03
9.020000000000000000e+02 1.001289611816406250e+03
9.030000000000000000e+02 1.000832275390625000e+03
9.040000000000000000e+02 1.000359069824218750e+03
9.050000000000000000e+02 9.998414916992187500e+02
9.060000000000000000e+02 9.988875732421875000e+02
9.070000000000000000e+02 9.974917602539062500e+02
9.080000000000000000e+02 9.956000366210937500e+02
9.090000000000000000e+02 9.934717407226562500e+02
9.100000000000000000e+02 9.918821411132812500e+02
9.110000000000000000e+02 9.913030395507812500e+02
9.120000000000000000e+02 9.918394775390625000e+02
9.130000000000000000e+02 9.928287963867187500e+02
9.140000000000000000e+02 9.939028930664062500e+02
9.150000000000000000e+02 9.948758544921875000e+02
9.160000000000000000e+02 9.964575805664062500e+02
9.170000000000000000e+02 9.983421630859375000e+02
9.180000000000000000e+02 1.000388183593750000e+03
9.190000000000000000e+02 1.002796081542968750e+03
9.200000000000000000e+02 1.005079589843750000e+03
9.210000000000000000e+02 1.007277099609375000e+03
9.220000000000000000e+02 1.009050964355468750e+03
9.230000000000000000e+02 1.009954284667968750e+03
9.240000000000000000e+02 1.010130126953125000e+03
9.250000000000000000e+02 1.009163452148437500e+03
9.260000000000000000e+02 1.007493896484375000e+03
9.270000000000000000e+02 1.005441345214843750e+03
9.280000000000000000e+02 1.002874633789062500e+03
9.290000000000000000e+02 1.000239562988281250e+03
9.300000000000000000e+02 9.982147216796875000e+02
9.310000000000000000e+02 9.973252563476562500e+02
9.320000000000000000e+02 9.964663696289062500e+02
9.330000000000000000e+02 9.958112792968750000e+02
9.340000000000000000e+02 9.951762084960937500e+02
9.350000000000000000e+02 9.943705444335937500e+02
9.360000000000000000e+02 9.933061523437500000e+02
9.370000000000000000e+02 9.924478149414062500e+02
9.380000000000000000e+02 9.919732055664062500e+02
9.390000000000000000e+02 9.918274536132812500e+02
9.400000000000000000e+02 9.919313964843750000e+02
9.410000000000000000e+02 9.928762207031250000e+02
9.420000000000000000e+02 9.940861206054687500e+02
9.430000000000000000e+02 9.955546264648437500e+02
9.440000000000000000e+02 9.973007202148437500e+02
9.450000000000000000e+02 9.988942260742187500e+02
9.460000000000000000e+02 1.000599792480468750e+03
9.470000000000000000e+02 1.002104248046875000e+03
9.480000000000000000e+02 1.003614868164062500e+03
9.490000000000000000e+02 1.005109924316406250e+03
9.500000000000000000e+02 1.005786010742187500e+03
9.510000000000000000e+02 1.006244140625000000e+03
9.520000000000000000e+02 1.006244140625000000e+03
9.530000000000000000e+02 1.006269897460937500e+03
9.540000000000000000e+02 1.005389160156250000e+03
9.550000000000000000e+02 1.003410034179687500e+03
9.560000000000000000e+02 1.000655517578125000e+03
9.570000000000000000e+02 9.974618530273437500e+02
9.580000000000000000e+02 9.942490234375000000e+02
9.590000000000000000e+02 9.914035034179687500e+02
9.600000000000000000e+02 9.893961181640625000e+02
9.610000000000000000e+02 9.884318847656250000e+02
9.620000000000000000e+02 9.884183959960937500e+02
9.630000000000000000e+02 9.892798461914062500e+02
9.640000000000000000e+02 9.910892944335937500e+02
9.650000000000000000e+02 9.930496215820312500e+02
9.660000000000000000e+02 9.949513549804687500e+02
9.670000000000000000e+02 9.970132446289062500e+02
9.680000000000000000e+02 9.994424438476562500e+02
9.690000000000000000e+02 1.001553100585937500e+03
9.700000000000000000e+02 1.003175109863281250e+03
9.710000000000000000e+02 1.004479614257812500e+03
9.720000000000000000e+02 1.005123718261718750e+03
9.730000000000000000e+02 1.005165588378906250e+03
9.740000000000000000e+02 1.005197814941406250e+03
9.750000000000000000e+02 1.005011535644531250e+03
9.760000000000000000e+02 1.004349609375000000e+03
9.770000000000000000e+02 1.003623596191406250e+03
9.780000000000000000e+02 1.002655273437500000e+03
9.790000000000000000e+02 1.001300415039062500e+03
9.800000000000000000e+02 9.994626464843750000e+02
9.810000000000000000e+02 9.976955566406250000e+02
9.820000000000000000e+02 9.966760864257812500e+02
9.830000000000000000e+02 9.961478271484375000e+02
9.840000000000000000e+02 9.957918701171875000e+02
9.850000000000000000e+02 9.958297729492187500e+02
9.860000000000000000e+02 9.961246337890625000e+02
9.870000000000000000e+02 9.967606811523437500e+02
9.880000000000000000e+02 9.973176269531250000e+02
9.890000000000000000e+02 9.981518554687500000e+02
9.900000000000000000e+02 9.994431762695312500e+02
9.910000000000000000e+02 1.001284118652343750e+03
9.920000000000000000e+02 1.003114196777343750e+03
9.930000000000000000e+02 1.005012145996093750e+03
9.940000000000000000e+02 1.007080566406250000e+03
9.950000000000000000e+02 1.008191894531250000e+03
9.960000000000000000e+02 1.008173461914062500e+03
9.970000000000000000e+02 1.007380004882812500e+03
9.980000000000000000e+02 1.005435241699218750e+03
9.990000000000000000e+02 1.002954772949218750e+03
1.000000000000000000e+03 1.000906860351562500e+03
